00000000000000000000000000000
0                           0
0                           0
0222222           222222    0
0  11 11  111 1   1    11   0
0  11 11  1   1   1   1  1  0
0  11111  11  1   1   1  1  0
0  11 11  1   1   1   1  1  0
0  11 11  111 111 111  11   0 
0                           0
0 111 111 111 111 1   1 11  0
0 1   1 1  1  1   11  1 1 1 0
0 11  11   1  11  1 1 1 1 1 0
0 1   1 1  1  1   1  11 1 1 0
0 1   1 1 111 111 1   1 11  0
0                1   1      0
0  2222     22221 1 1 12    0
0               1  1  12    0
0           1111 1   1 2    0
0         4 1331  1 1  2    0
0           1331   1   2    0         
00000000000000000000000000000
